2018-12-31 18 3052 831 warm 0.05543905635648734 0.2562909567496785
2018-12-31 6 2597 1286 warm 0.06761648055448558 0.2595302271852162
2019-01-31 18 3223 878 warm 0.04467887061743727 0.2553521563760548
2019-01-31 6 2654 1447 warm 0.05448379804069341 0.2594574227581038
2019-02-28 18 5430 1356 warm 0.03546961325966817 0.2682504604051785
2019-02-28 6 4304 2482 warm 0.0432156133828993 0.27346654275094484
2019-03-31 18 6245 1636 warm 0.03654123298638854 0.27663730984790375
2019-03-31 6 5171 2710 warm 0.04459485592728614 0.2815316186424499
2019-04-30 18 4342 1397 warm 0.05264854905573393 0.26803316444036623
2019-04-30 6 3492 2247 warm 0.06804123711340103 0.2738831615120377
2019-05-31 18 873 304 warm 0.05200458190148921 0.24123711340205944
2019-05-31 6 735 442 warm 0.06476190476190492 0.2419047619047609
2019-06-30 18 2892 913 warm 0.02240663900414949 0.2590594744121761
2019-06-30 6 2398 1407 warm 0.026605504587156093 0.2602168473728102
2018-12-31 18 3052 831 warm 0.09003931847968363 0.2562909567496785
2018-12-31 6 2597 1286 warm 0.08271082017712637 0.2595302271852162
2019-01-31 18 3223 878 warm 0.06397766056469054 0.2553521563760548
2019-01-31 6 2654 1447 warm 0.06631499623210209 0.2594574227581038
2019-02-28 18 5430 1356 warm 0.05377532228360832 0.2682504604051785
2019-02-28 6 4304 2482 warm 0.05269516728624459 0.27346654275094484
2019-03-31 18 6245 1636 warm 0.05460368294635559 0.27663730984790375
2019-03-31 6 5171 2710 warm 0.0541481338232439 0.2815316186424499
2019-04-30 18 4342 1397 warm 0.07715338553661699 0.26803316444036623
2019-04-30 6 3492 2247 warm 0.08298969072164777 0.2738831615120377
2019-05-31 18 873 304 warm 0.06758304696449056 0.24123711340205944
2019-05-31 6 735 442 warm 0.07183673469387779 0.2419047619047609
2019-06-30 18 2892 913 warm 0.030359612724758168 0.2590594744121761
2019-06-30 6 2398 1407 warm 0.02985821517931626 0.2602168473728102
