2018-12-31 18 3052 831 warm 0.08971166448230491 0.2562909567496785
2018-12-31 6 2597 1286 warm 0.08294185598767705 0.2595302271852162
2019-01-31 18 3223 878 warm 0.06428793049953382 0.2553521563760548
2019-01-31 6 2654 1447 warm 0.06729464958553086 0.2594574227581038
2019-02-28 18 5598 1407 warm 0.053126116470166684 0.2689889246159568
2019-02-28 6 4406 2599 warm 0.055333635950975034 0.27467090331367977
2019-03-31 18 6245 1636 warm 0.055052041633305134 0.27663730984790375
2019-03-31 6 5171 2710 warm 0.05403210210790837 0.2815316186424499
2019-04-30 18 4493 1469 warm 0.07758735811261747 0.26855107945694984
2019-04-30 6 3603 2359 warm 0.08276436303080581 0.2747710241465558
2019-05-31 18 873 304 warm 0.06758304696449056 0.24123711340205944
2019-05-31 6 735 442 warm 0.0721088435374152 0.2419047619047609
