2018-12-31 6 2579 1304 warm 0.056688639007367335 0.25924777045366637 12850.025100
2018-12-31 6 2579 1304 warm 0.05599069406746819 0.25924777045366637 12850.02510
2018-12-31 6 2579 1304 warm 0.05552539744086875 0.25924777045366637 12850.0252
2018-12-31 6 2579 1304 warm 0.011554866227219825 0.25924777045366637 12850.001100
2018-12-31 6 2579 1304 warm 0.012097712291585856 0.25924777045366637 12850.00110
2018-12-31 6 2579 1304 warm 0.011089569600620368 0.25924777045366637 12850.0012
2018-12-31 6 2579 1304 warm 0.03683598293912395 0.25924777045366637 12850.01100
2018-12-31 6 2579 1304 warm 0.03745637844125657 0.25924777045366637 12850.0110
2018-12-31 6 2579 1304 warm 0.03854207056998866 0.25924777045366637 12850.012
2018-12-31 6 2579 1304 warm 0.0668476153547883 0.25924777045366637 12850.05100
2018-12-31 6 2579 1304 warm 0.06739046141915433 0.25924777045366637 12850.0510
2018-12-31 6 2579 1304 warm 0.06700271423032145 0.25924777045366637 12850.052
2018-12-31 6 2579 1304 warm 0.07111283443194986 0.25924777045366637 12850.1100
2018-12-31 6 2579 1304 warm 0.07374951531601336 0.25924777045366637 12850.110
2018-12-31 6 2579 1304 warm 0.07258627374951476 0.25924777045366637 12850.12
2018-12-31 6 2579 1304 warm 0.05777433113609934 0.25924777045366637 128100.025100
2018-12-31 6 2579 1304 warm 0.05862737495153163 0.25924777045366637 128100.02510
2018-12-31 6 2579 1304 warm 0.056068243505234774 0.25924777045366637 128100.0252
2018-12-31 6 2579 1304 warm 0.010546723536254339 0.25924777045366637 128100.001100
2018-12-31 6 2579 1304 warm 0.01202016285381928 0.25924777045366637 128100.00110
2018-12-31 6 2579 1304 warm 0.012175261729352432 0.25924777045366637 128100.0012
2018-12-31 6 2579 1304 warm 0.03877471888328839 0.25924777045366637 128100.01100
2018-12-31 6 2579 1304 warm 0.038464521132222096 0.25924777045366637 128100.0110
2018-12-31 6 2579 1304 warm 0.03924001550988784 0.25924777045366637 128100.012
2018-12-31 6 2579 1304 warm 0.06467623109732427 0.25924777045366637 128100.05100
2018-12-31 6 2579 1304 warm 0.06708026366808806 0.25924777045366637 128100.0510
2018-12-31 6 2579 1304 warm 0.06808840635905347 0.25924777045366637 128100.052
2018-12-31 6 2579 1304 warm 0.07320666925164729 0.25924777045366637 128100.1100
2018-12-31 6 2579 1304 warm 0.07219852656068186 0.25924777045366637 128100.110
2018-12-31 6 2579 1304 warm 0.0725087243117482 0.25924777045366637 128100.12
2018-12-31 6 2579 1304 warm 0.058937572702597904 0.25924777045366637 128200.025100
2018-12-31 6 2579 1304 warm 0.05917022101589765 0.25924777045366637 128200.02510
2018-12-31 6 2579 1304 warm 0.05723148507173332 0.25924777045366637 128200.0252
2018-12-31 6 2579 1304 warm 0.011554866227219825 0.25924777045366637 128200.001100
2018-12-31 6 2579 1304 warm 0.010546723536254339 0.25924777045366637 128200.00110
2018-12-31 6 2579 1304 warm 0.011012020162853796 0.25924777045366637 128200.0012
2018-12-31 6 2579 1304 warm 0.039007367196588136 0.25924777045366637 128200.01100
2018-12-31 6 2579 1304 warm 0.03924001550988785 0.25924777045366637 128200.0110
2018-12-31 6 2579 1304 warm 0.03730127956572343 0.25924777045366637 128200.012
2018-12-31 6 2579 1304 warm 0.0666925164792552 0.25924777045366637 128200.05100
2018-12-31 6 2579 1304 warm 0.06762310973245406 0.25924777045366637 128200.0510
2018-12-31 6 2579 1304 warm 0.06855370298565294 0.25924777045366637 128200.052
2018-12-31 6 2579 1304 warm 0.07274137262504793 0.25924777045366637 128200.1100
2018-12-31 6 2579 1304 warm 0.07312911981388075 0.25924777045366637 128200.110
2018-12-31 6 2579 1304 warm 0.07181077937184902 0.25924777045366637 128200.12
2018-12-31 6 2579 1304 warm 0.05591314462970161 0.25924777045366637 12820.025100
2018-12-31 6 2579 1304 warm 0.057231485071733326 0.25924777045366637 12820.02510
2018-12-31 6 2579 1304 warm 0.058006979449399046 0.25924777045366637 12820.0252
2018-12-31 6 2579 1304 warm 0.011709965102752977 0.25924777045366637 12820.001100
2018-12-31 6 2579 1304 warm 0.010856921287320643 0.25924777045366637 12820.00110
2018-12-31 6 2579 1304 warm 0.010701822411787491 0.25924777045366637 12820.0012
2018-12-31 6 2579 1304 warm 0.0390849166343547 0.25924777045366637 12820.01100
2018-12-31 6 2579 1304 warm 0.039317564947654426 0.25924777045366637 12820.0110
2018-12-31 6 2579 1304 warm 0.038231872818922354 0.25924777045366637 12820.012
2018-12-31 6 2579 1304 warm 0.06801085692128694 0.25924777045366637 12820.05100
2018-12-31 6 2579 1304 warm 0.0663047692904223 0.25924777045366637 12820.0510
2018-12-31 6 2579 1304 warm 0.06669251647925518 0.25924777045366637 12820.052
2018-12-31 6 2579 1304 warm 0.07289647150058101 0.25924777045366637 12820.1100
2018-12-31 6 2579 1304 warm 0.07289647150058105 0.25924777045366637 12820.110
2018-12-31 6 2579 1304 warm 0.07305157037611415 0.25924777045366637 12820.12
2018-12-31 6 2579 1304 warm 0.05870492438929821 0.25924777045366637 6450.025100
2018-12-31 6 2579 1304 warm 0.05699883675843363 0.25924777045366637 6450.02510
2018-12-31 6 2579 1304 warm 0.05785188057386589 0.25924777045366637 6450.0252
2018-12-31 6 2579 1304 warm 0.012175261729352434 0.25924777045366637 6450.001100
2018-12-31 6 2579 1304 warm 0.011554866227219825 0.25924777045366637 6450.00110
2018-12-31 6 2579 1304 warm 0.012485459480418739 0.25924777045366637 6450.0012
2018-12-31 6 2579 1304 warm 0.03815432338115578 0.25924777045366637 6450.01100
2018-12-31 6 2579 1304 warm 0.03869716944552182 0.25924777045366637 6450.0110
2018-12-31 6 2579 1304 warm 0.039395114385421016 0.25924777045366637 6450.012
2018-12-31 6 2579 1304 warm 0.06808840635905347 0.25924777045366637 6450.05100
2018-12-31 6 2579 1304 warm 0.06638231872818892 0.25924777045366637 6450.0510
2018-12-31 6 2579 1304 warm 0.06661496704148857 0.25924777045366637 6450.052
2018-12-31 6 2579 1304 warm 0.07235362543621501 0.25924777045366637 6450.1100
2018-12-31 6 2579 1304 warm 0.07398216362931305 0.25924777045366637 6450.110
2018-12-31 6 2579 1304 warm 0.07305157037611422 0.25924777045366637 6450.12
2018-12-31 6 2579 1304 warm 0.0579294300116325 0.25924777045366637 64100.025100
2018-12-31 6 2579 1304 warm 0.056300891818534454 0.25924777045366637 64100.02510
2018-12-31 6 2579 1304 warm 0.05901512214036448 0.25924777045366637 64100.0252
2018-12-31 6 2579 1304 warm 0.010701822411787491 0.25924777045366637 64100.001100
2018-12-31 6 2579 1304 warm 0.011322217913920098 0.25924777045366637 64100.00110
2018-12-31 6 2579 1304 warm 0.011012020162853794 0.25924777045366637 64100.0012
2018-12-31 6 2579 1304 warm 0.03745637844125658 0.25924777045366637 64100.01100
2018-12-31 6 2579 1304 warm 0.03900736719658813 0.25924777045366637 64100.0110
2018-12-31 6 2579 1304 warm 0.04079100426521939 0.25924777045366637 64100.012
2018-12-31 6 2579 1304 warm 0.06607212097712262 0.25924777045366637 64100.05100
2018-12-31 6 2579 1304 warm 0.06661496704148859 0.25924777045366637 64100.0510
2018-12-31 6 2579 1304 warm 0.06661496704148862 0.25924777045366637 64100.052
2018-12-31 6 2579 1304 warm 0.0735168670027136 0.25924777045366637 64100.1100
2018-12-31 6 2579 1304 warm 0.07134548274524956 0.25924777045366637 64100.110
2018-12-31 6 2579 1304 warm 0.07266382318728135 0.25924777045366637 64100.12
2018-12-31 6 2579 1304 warm 0.05630089181853447 0.25924777045366637 64200.025100
2018-12-31 6 2579 1304 warm 0.0576192322605662 0.25924777045366637 64200.02510
2018-12-31 6 2579 1304 warm 0.05661108956960075 0.25924777045366637 64200.0252
2018-12-31 6 2579 1304 warm 0.011554866227219825 0.25924777045366637 64200.001100
2018-12-31 6 2579 1304 warm 0.011399767351686673 0.25924777045366637 64200.00110
2018-12-31 6 2579 1304 warm 0.012485459480418739 0.25924777045366637 64200.0012
2018-12-31 6 2579 1304 warm 0.038542070569988665 0.25924777045366637 64200.01100
2018-12-31 6 2579 1304 warm 0.03582784024815846 0.25924777045366637 64200.0110
2018-12-31 6 2579 1304 warm 0.03761147731678974 0.25924777045366637 64200.012
2018-12-31 6 2579 1304 warm 0.06568437378828976 0.25924777045366637 64200.05100
2018-12-31 6 2579 1304 warm 0.06785575804575378 0.25924777045366637 64200.0510
2018-12-31 6 2579 1304 warm 0.06700271423032146 0.25924777045366637 64200.052
2018-12-31 6 2579 1304 warm 0.07212097712291529 0.25924777045366637 64200.1100
2018-12-31 6 2579 1304 warm 0.07274137262504785 0.25924777045366637 64200.110
2018-12-31 6 2579 1304 warm 0.07142303218301616 0.25924777045366637 64200.12
2018-12-31 6 2579 1304 warm 0.05653354013183418 0.25924777045366637 6420.025100
2018-12-31 6 2579 1304 warm 0.05684373788290048 0.25924777045366637 6420.02510
2018-12-31 6 2579 1304 warm 0.05645599069406762 0.25924777045366637 6420.0252
2018-12-31 6 2579 1304 warm 0.012252811167119008 0.25924777045366637 6420.001100
2018-12-31 6 2579 1304 warm 0.011942613416052706 0.25924777045366637 6420.00110
2018-12-31 6 2579 1304 warm 0.013028305544784778 0.25924777045366637 6420.0012
2018-12-31 6 2579 1304 warm 0.03722373012795685 0.25924777045366637 6420.01100
2018-12-31 6 2579 1304 warm 0.03924001550988786 0.25924777045366637 6420.0110
2018-12-31 6 2579 1304 warm 0.037921675067856035 0.25924777045366637 6420.012
2018-12-31 6 2579 1304 warm 0.06715781310585461 0.25924777045366637 6420.05100
2018-12-31 6 2579 1304 warm 0.06777820860798721 0.25924777045366637 6420.0510
2018-12-31 6 2579 1304 warm 0.0677782086079872 0.25924777045366637 6420.052
2018-12-31 6 2579 1304 warm 0.07219852656068187 0.25924777045366637 6420.1100
2018-12-31 6 2579 1304 warm 0.07374951531601336 0.25924777045366637 6420.110
2018-12-31 6 2579 1304 warm 0.07297402093834761 0.25924777045366637 6420.12
2018-12-31 6 2579 1304 warm 0.05692128732066703 0.25924777045366637 25650.025100
2018-12-31 6 2579 1304 warm 0.057851880573865914 0.25924777045366637 25650.02510
2018-12-31 6 2579 1304 warm 0.05854982551376506 0.25924777045366637 25650.0252
2018-12-31 6 2579 1304 warm 0.01240791004265216 0.25924777045366637 25650.001100
2018-12-31 6 2579 1304 warm 0.011167119038386944 0.25924777045366637 25650.00110
2018-12-31 6 2579 1304 warm 0.012640558355951893 0.25924777045366637 25650.0012
2018-12-31 6 2579 1304 warm 0.03900736719658812 0.25924777045366637 25650.01100
2018-12-31 6 2579 1304 warm 0.039007367196588136 0.25924777045366637 25650.0110
2018-12-31 6 2579 1304 warm 0.04017060876308677 0.25924777045366637 25650.012
2018-12-31 6 2579 1304 warm 0.0677782086079872 0.25924777045366637 25650.05100
2018-12-31 6 2579 1304 warm 0.067080263668088 0.25924777045366637 25650.0510
2018-12-31 6 2579 1304 warm 0.0669251647925549 0.25924777045366637 25650.052
2018-12-31 6 2579 1304 warm 0.07204342768514872 0.25924777045366637 25650.1100
2018-12-31 6 2579 1304 warm 0.07297402093834758 0.25924777045366637 25650.110
2018-12-31 6 2579 1304 warm 0.07188832880961556 0.25924777045366637 25650.12
2018-12-31 6 2579 1304 warm 0.057464133385033055 0.25924777045366637 256100.025100
2018-12-31 6 2579 1304 warm 0.057076386196200174 0.25924777045366637 256100.02510
2018-12-31 6 2579 1304 warm 0.05723148507173335 0.25924777045366637 256100.0252
2018-12-31 6 2579 1304 warm 0.011477316789453249 0.25924777045366637 256100.001100
2018-12-31 6 2579 1304 warm 0.010469174098487763 0.25924777045366637 256100.00110
2018-12-31 6 2579 1304 warm 0.012563008918185315 0.25924777045366637 256100.0012
2018-12-31 6 2579 1304 warm 0.038774718883288394 0.25924777045366637 256100.01100
2018-12-31 6 2579 1304 warm 0.03924001550988785 0.25924777045366637 256100.0110
2018-12-31 6 2579 1304 warm 0.039550213260954155 0.25924777045366637 256100.012
2018-12-31 6 2579 1304 warm 0.06552927491275659 0.25924777045366637 256100.05100
2018-12-31 6 2579 1304 warm 0.06870880186118607 0.25924777045366637 256100.0510
2018-12-31 6 2579 1304 warm 0.06731291198138781 0.25924777045366637 256100.052
2018-12-31 6 2579 1304 warm 0.07072508724311699 0.25924777045366637 256100.1100
2018-12-31 6 2579 1304 warm 0.07111283443194984 0.25924777045366637 256100.110
2018-12-31 6 2579 1304 warm 0.07088018611865014 0.25924777045366637 256100.12
2018-12-31 6 2579 1304 warm 0.05692128732066701 0.25924777045366637 256200.025100
2018-12-31 6 2579 1304 warm 0.05513765025203587 0.25924777045366637 256200.02510
2018-12-31 6 2579 1304 warm 0.055835595191935025 0.25924777045366637 256200.0252
2018-12-31 6 2579 1304 warm 0.011167119038386948 0.25924777045366637 256200.001100
2018-12-31 6 2579 1304 warm 0.01202016285381928 0.25924777045366637 256200.00110
2018-12-31 6 2579 1304 warm 0.011012020162853794 0.25924777045366637 256200.0012
2018-12-31 6 2579 1304 warm 0.04001550988755361 0.25924777045366637 256200.01100
2018-12-31 6 2579 1304 warm 0.040868553702985984 0.25924777045366637 256200.0110
2018-12-31 6 2579 1304 warm 0.03660333462582423 0.25924777045366637 256200.012
2018-12-31 6 2579 1304 warm 0.06777820860798722 0.25924777045366637 256200.05100
2018-12-31 6 2579 1304 warm 0.0666149670414886 0.25924777045366637 256200.0510
2018-12-31 6 2579 1304 warm 0.06638231872818892 0.25924777045366637 256200.052
2018-12-31 6 2579 1304 warm 0.07227607599844846 0.25924777045366637 256200.1100
2018-12-31 6 2579 1304 warm 0.07126793330748298 0.25924777045366637 256200.110
2018-12-31 6 2579 1304 warm 0.07173322993408243 0.25924777045366637 256200.12
2018-12-31 6 2579 1304 warm 0.057309034509499895 0.25924777045366637 25620.025100
2018-12-31 6 2579 1304 warm 0.057076386196200195 0.25924777045366637 25620.02510
2018-12-31 6 2579 1304 warm 0.057541682822799645 0.25924777045366637 25620.0252
2018-12-31 6 2579 1304 warm 0.011709965102752979 0.25924777045366637 25620.001100
2018-12-31 6 2579 1304 warm 0.012950756107018202 0.25924777045366637 25620.00110
2018-12-31 6 2579 1304 warm 0.012485459480418739 0.25924777045366637 25620.0012
2018-12-31 6 2579 1304 warm 0.0377665761923229 0.25924777045366637 25620.01100
2018-12-31 6 2579 1304 warm 0.0374563784412566 0.25924777045366637 25620.0110
2018-12-31 6 2579 1304 warm 0.037378829003490016 0.25924777045366637 25620.012
2018-12-31 6 2579 1304 warm 0.06537417603722345 0.25924777045366637 25620.05100
2018-12-31 6 2579 1304 warm 0.06591702210158945 0.25924777045366637 25620.0510
2018-12-31 6 2579 1304 warm 0.06700271423032148 0.25924777045366637 25620.052
2018-12-31 6 2579 1304 warm 0.07266382318728136 0.25924777045366637 25620.1100
2018-12-31 6 2579 1304 warm 0.07312911981388075 0.25924777045366637 25620.110
2018-12-31 6 2579 1304 warm 0.07413726250484622 0.25924777045366637 25620.12
