2018-12-31 18 0.043110996652072985 0.20144218387844934
2018-12-31 12 0.044244141127993616 0.19196497553438446
2018-12-31 6 0.04455318053051743 0.17357713108421488
2018-12-31 3 0.03816636621169207 0.14972959052279045
2018-12-31 1 0.02106618593870731 0.10543394282770817
2019-01-31 18 0.03545476712996839 0.20068276030237128
2019-01-31 12 0.03564984150207273 0.1914167276274127
2019-01-31 6 0.035357229943916206 0.1679102657888338
2019-01-31 3 0.029407461594733238 0.13572299439160937
2019-01-31 1 0.0195074372104366 0.11187515240185021
2018-12-31 12 0.022920422353850278 0.19196497553438446
2018-12-31 18 0.04290497038372377 0.20144218387844934
2018-12-31 18 0.07077002317795374 0.20144218387844934
2018-12-31 1 0.02116919907288192 0.10543394282770817
Today: 2018-12-31 1 0.021323718774143838 0.10543394282770817
Today: 2018-12-31 18 0.04336852948750947 0.20144218387844934
Today: 2018-12-31 6 0.0437290754571206 0.17357713108421488
