2018-12-31 18 3052 831 warm 0.08984272608125636 0.2562909567496785
2018-12-31 6 2597 1286 warm 0.08340392760877828 0.2595302271852162
2019-01-31 18 3223 878 warm 0.06540490226496969 0.2553521563760548
2019-01-31 6 2654 1447 warm 0.06714393368500336 0.2594574227581038
2019-02-28 18 5598 1407 warm 0.0534833869239001 0.2689889246159568
2019-02-28 6 4406 2599 warm 0.05583295506127912 0.27467090331367977
2019-03-31 18 6245 1636 warm 0.055436349079261864 0.27663730984790375
2019-03-31 6 5171 2710 warm 0.053258557339004926 0.2815316186424499
2019-04-30 18 4493 1469 warm 0.07638548853772328 0.26855107945694984
2019-04-30 6 3603 2359 warm 0.08254232583957634 0.2747710241465558
2019-05-31 18 873 304 warm 0.06597938144329926 0.24123711340205944
2019-05-31 6 735 442 warm 0.07020408163265328 0.2419047619047609
2019-06-30 18 3101 1009 warm 0.030119316349564884 0.26049661399549207
2019-06-30 6 2569 1541 warm 0.030439859867652967 0.26212534059945714
