2018-12-31 18 3052 831 warm 0.07699868938400928 0.2562909567496785
2018-12-31 6 2597 1286 warm 0.06646130150173243 0.2595302271852162
2019-01-31 18 3223 878 warm 0.057275829972075275 0.2553521563760548
2019-01-31 6 2654 1447 warm 0.05388093443858343 0.2594574227581038
2019-02-28 18 5598 1407 warm 0.04558770989639072 0.2689889246159568
2019-02-28 6 4406 2599 warm 0.04239673172945952 0.27467090331367977
2019-03-31 18 6245 1636 warm 0.046885508406724306 0.27663730984790375
2019-03-31 6 5171 2710 warm 0.04304776638947915 0.2815316186424499
2019-04-30 18 4493 1469 warm 0.06872913420876754 0.26855107945694984
2019-04-30 6 3603 2359 warm 0.07038578961976012 0.2747710241465558
2019-05-31 18 873 304 warm 0.06437571592210793 0.24123711340205944
2019-05-31 6 735 442 warm 0.0644897959183675 0.2419047619047609
2019-06-30 18 3101 1009 warm 0.028764914543695785 0.26049661399549207
2019-06-30 6 2569 1541 warm 0.027014402491241873 0.26212534059945714
2018-12-31 18 3052 831 warm 0.07758846657929103 0.2562909567496785
2018-12-31 6 2597 1286 warm 0.06445899114362702 0.2595302271852162
2019-01-31 18 3223 878 warm 0.057089668011169284 0.2553521563760548
2018-12-31 18 3030 821 warm 0.07861386138613734 0.2560396039604021
2018-12-31 6 2579 1272 warm 0.06545172547499001 0.25924777045366637
2019-01-31 18 3192 873 warm 0.05751879699248079 0.25501253132832813
2019-01-31 6 2633 1432 warm 0.05385491834409438 0.25917204709457137
2019-02-28 18 5534 1394 warm 0.04528370075894391 0.26899168774848653
2019-02-28 6 4361 2567 warm 0.041962852556752736 0.2747534969043959
2019-03-31 18 6179 1622 warm 0.047677617737496875 0.2764848681016598
2019-03-31 6 5122 2679 warm 0.04349863334634846 0.28125732135886494
2019-04-30 18 4452 1457 warm 0.06909254267744669 0.2684186882300258
2019-04-30 6 3569 2340 warm 0.06954328943681591 0.27458671896891
2019-05-31 18 862 302 warm 0.06310904872389815 0.2412993039443132
2019-05-31 6 729 435 warm 0.06310013717421138 0.24224965706447094
2019-06-30 18 3067 996 warm 0.028692533420280608 0.2603195304858232
2019-06-30 6 2538 1525 warm 0.027423167848699907 0.2618597320724995
