2018-12-31 18 3030 821 warm 0.06620462046204548 0.2560396039604021
2018-12-31 6 2579 1272 warm 0.07235362543621503 0.25924777045366637
2019-01-31 18 3192 873 warm 0.0517543859649121 0.25501253132832813
2019-01-31 6 2633 1432 warm 0.06205848841625506 0.25917204709457137
2019-02-28 18 5534 1394 warm 0.04325984821105818 0.26899168774848653
2019-02-28 6 4361 2567 warm 0.04930061912405349 0.2747534969043959
2019-03-31 18 6179 1622 warm 0.04201327075578494 0.2764848681016598
2019-03-31 6 5122 2679 warm 0.04837953924248257 0.28125732135886494
2019-04-30 18 4452 1457 warm 0.062488769092541425 0.2684186882300258
2019-04-30 6 3569 2340 warm 0.07565144298122582 0.27458671896891
2019-05-31 18 862 302 warm 0.055452436194895725 0.2412993039443132
2019-05-31 6 729 435 warm 0.06968449931412916 0.24224965706447094
2019-06-30 18 3067 996 warm 0.027910009781545685 0.2603195304858232
2019-06-30 6 2538 1525 warm 0.030260047281324066 0.2618597320724995
