2018-12-31 18 3052 831 warm 0.05498034076015709 0.2562909567496785
2018-12-31 6 2597 1286 warm 0.06569118213323037 0.2595302271852162
2019-01-31 18 3223 878 warm 0.04368600682593873 0.2553521563760548
2019-01-31 6 2654 1447 warm 0.05546345139412218 0.2594574227581038
2019-02-28 18 5598 1407 warm 0.03586995355484062 0.2689889246159568
2019-02-28 6 4406 2599 warm 0.04407625964593698 0.27467090331367977
2019-03-31 6 5171 2710 warm 0.044478824211950575 0.2815316186424499
2019-04-30 18 4493 1469 warm 0.05337191186289703 0.26855107945694984
2019-04-30 6 3603 2359 warm 0.0666666666666657 0.2747710241465558
2019-05-31 18 873 304 warm 0.047880870561283005 0.24123711340205944
2019-05-31 6 735 442 warm 0.06448979591836751 0.2419047619047609
2019-06-30 18 3101 1009 warm 0.023863269912931463 0.26049661399549207
2019-06-30 6 2569 1541 warm 0.027715064227325975 0.26212534059945714
