2018-12-31 18 3052 831 warm 0.05681520314547809 0.2562909567496785
2018-12-31 6 2597 1286 warm 0.06492106276472824 0.2595302271852162
2019-01-31 18 3223 878 warm 0.04362395283897009 0.2553521563760548
2019-01-31 6 2654 1447 warm 0.054559155990957155 0.2594574227581038
2019-02-28 18 5598 1407 warm 0.03544122901036049 0.2689889246159568
2019-02-28 6 4406 2599 warm 0.04371311847480666 0.27467090331367977
2019-03-31 18 6245 1636 warm 0.03666933546837414 0.27663730984790375
2019-03-31 6 5171 2710 warm 0.04355057048926646 0.2815316186424499
2019-04-30 18 4493 1469 warm 0.05261517916759326 0.26855107945694984
2019-04-30 6 3603 2359 warm 0.06566749930613283 0.2747710241465558
2019-05-31 18 873 304 warm 0.04994272623138612 0.24123711340205944
2019-05-31 6 735 442 warm 0.06176870748299332 0.2419047619047609
2019-06-30 18 3101 1009 warm 0.022831344727507384 0.26049661399549207
2019-06-30 6 2569 1541 warm 0.026936551187232538 0.26212534059945714
