2018-12-31 18 3052 831 warm 0.053866317169069276 0.2562909567496785
2018-12-31 6 2597 1286 warm 0.06653831343858267 0.2595302271852162
2019-01-31 18 3223 878 warm 0.0430034129692835 0.2553521563760548
2019-01-31 6 2654 1447 warm 0.05486058779201216 0.2594574227581038
2019-02-28 18 5598 1407 warm 0.03608431582708071 0.2689889246159568
2019-02-28 6 4406 2599 warm 0.042986836132546155 0.27467090331367977
2019-03-31 18 6245 1636 warm 0.0378863090472372 0.27663730984790375
2019-03-31 6 5171 2710 warm 0.043666602204601966 0.2815316186424499
2019-04-30 18 4493 1469 warm 0.05399510349432364 0.26855107945694984
2019-04-30 6 3603 2359 warm 0.06799888981404284 0.2747710241465558
