2018-12-31 18 3052 831 warm 0.05288335517693306 0.2562909567496785
2018-12-31 6 2597 1286 warm 0.06399691952252576 0.2595302271852162
2019-01-31 18 3223 878 warm 0.04250698107353419 0.2553521563760548
2019-01-31 6 2654 1447 warm 0.05395629238884718 0.2594574227581038
2019-02-28 18 5598 1407 warm 0.03515541264737372 0.2689889246159568
2019-02-28 6 4406 2599 warm 0.04380390376758925 0.27467090331367977
2019-03-31 18 6245 1636 warm 0.035932746196957015 0.27663730984790375
2019-03-31 6 5171 2710 warm 0.04277702572036297 0.2815316186424499
2019-04-30 18 4493 1469 warm 0.052526151791675156 0.26855107945694984
2019-04-30 6 3603 2359 warm 0.06727726894254683 0.2747710241465558
2019-05-31 18 873 304 warm 0.04948453608247432 0.24123711340205944
2019-05-31 6 735 442 warm 0.06367346938775525 0.2419047619047609
2019-06-30 18 3101 1009 warm 0.023669783940664456 0.26049661399549207
2019-06-30 6 2569 1541 warm 0.027948618139353995 0.26212534059945714
