2018-12-31 18 3030 853 cold 0.026796589524969494 0.2453105968331285
2018-12-31 6 2579 1304 cold 0.023427672955974786 0.24261006289307704
2019-01-31 18 3192 909 cold 0.019702176403207303 0.25452462772050133
2019-01-31 6 2633 1468 cold 0.0199720670391061 0.24706703910613922
2019-02-28 18 5534 1471 cold 0.015925394548063094 0.25308464849353823
2019-02-28 6 4361 2644 cold 0.01433580054538371 0.2505648617062728
2019-03-31 18 6179 1702 cold 0.0167694204685573 0.2648581997533843
2019-03-31 6 5122 2759 cold 0.01575214632325497 0.2603210153042202
2019-04-30 18 4452 1510 cold 0.018668496911461867 0.2584763212079556
2019-04-30 6 3569 2393 cold 0.019487179487179533 0.2528205128205108
2019-05-31 18 862 315 cold 0.011920529801324506 0.23311258278145805
2019-05-31 6 729 448 cold 0.00827586206896552 0.23402298850574868
2019-06-30 18 3067 1043 cold 0.009036144578313253 0.25401606425702505
2019-06-30 6 2538 1572 cold 0.007999999999999993 0.2536393442622893
