2018-12-31 18 3030 853 warm 0.013398294762484766 0.2453105968331285
2018-12-31 6 2579 1304 warm 0.0040880503144654105 0.24261006289307704
2019-01-31 18 3192 909 warm 0.011912943871706752 0.25452462772050133
2019-01-31 6 2633 1468 warm 0.0004189944134078213 0.24706703910613922
2019-02-28 18 5534 1471 warm 0.010903873744619784 0.25308464849353823
2019-02-28 6 4361 2644 warm 0.0 0.2505648617062728
2019-03-31 18 6179 1702 warm 0.0065351418002466055 0.2648581997533843
2019-03-31 6 5122 2759 warm 0.00022396416573348268 0.2603210153042202
2019-04-30 18 4452 1510 warm 0.002059025394646534 0.2584763212079556
2019-04-30 6 3569 2393 warm 0.00042735042735042735 0.2528205128205108
2019-05-31 18 862 315 warm 0.0 0.23311258278145805
2019-05-31 6 729 448 warm 0.0009195402298850575 0.23402298850574868
2019-06-30 18 3067 1043 warm 0.0024096385542168672 0.25401606425702505
2019-06-30 6 2538 1572 warm 0.0017049180327868853 0.2536393442622893
