2018-12-31 18 3030 853 warm 0.005115712545676006 0.2453105968331285
2018-12-31 6 2579 1304 warm 0.003930817610062895 0.24261006289307704
2019-01-31 18 3192 909 warm 0.004581901489117985 0.25452462772050133
2019-01-31 6 2633 1468 warm 0.012011173184357524 0.24706703910613922
2019-02-28 18 5534 1471 warm 0.0038737446197991405 0.25308464849353823
2019-02-28 6 4361 2644 warm 0.00646669263731982 0.2505648617062728
2019-03-31 6 5122 2759 warm 0.007465472191116073 0.2603210153042202
2019-04-30 18 4452 1510 warm 0.005765271105010296 0.2584763212079556
2019-04-30 6 3569 2393 warm 0.007179487179487171 0.2528205128205108
2019-05-31 18 862 315 warm 0.0026490066225165563 0.23311258278145805
2019-05-31 6 729 448 warm 0.0036781609195402297 0.23402298850574868
2019-06-30 18 3067 1043 warm 0.005220883534136548 0.25401606425702505
2019-06-30 6 2538 1572 warm 0.006032786885245901 0.2536393442622893
2019-03-31 18 6179 1702 warm 0.004438964241676944 0.2648581997533843
2019-03-31 6 5122 2759 warm 0.007465472191116073 0.2603210153042202
