2018-12-31 18 3052 831 0.06216491347132624 0.25605700712589863 
2018-12-31 6 2597 1286 0.06385013949780768 0.2593862096452794 
2019-01-31 18 3223 878 0.045769487008661104 0.2540306462358505 
2019-01-31 6 2654 1447 0.04804241435562847 0.2579934747145204 
2019-02-28 18 5598 1407 0.033076329992289696 0.27000771010025326 
2019-02-28 6 4406 2599 0.033366583541147354 0.2764588528678457 
2019-03-31 18 6245 1636 0.03239809422975088 0.2764425622022478 
2019-03-31 6 5171 2710 0.033463541666666624 0.2817274305555749 
2019-04-30 18 4493 1469 0.04663079682295627 0.2684089162183079 
2019-04-30 6 3603 2359 0.047986798679868076 0.27584158415842486 
2019-05-31 18 873 304 0.04011220196353427 0.2423562412342203 
2019-05-31 6 735 442 0.03937823834196883 0.24317789291882627 
2019-06-30 18 3101 1009 0.01845127825120421 0.2626898851426501 
2019-06-30 6 2569 1541 0.01818181818181819 0.26510560146923595 
