2018-12-31 18 3030 821 warm 0.050759075907590774 0.2560396039604021
2018-12-31 6 2579 1272 warm 0.052190771616906106 0.25924777045366637
2019-01-31 18 3192 873 warm 0.041290726817042905 0.25501253132832813
2019-01-31 6 2633 1432 warm 0.04534751234333497 0.25917204709457137
2019-02-28 18 5534 1394 warm 0.03371882905673987 0.26899168774848653
2019-02-28 6 4361 2567 warm 0.03412061453795005 0.2747534969043959
2019-03-31 18 6179 1622 warm 0.03223822625020193 0.2764848681016598
2019-03-31 6 5122 2679 warm 0.03401015228426376 0.28125732135886494
2019-04-30 18 4452 1457 warm 0.05026954177897507 0.2684186882300258
2019-04-30 6 3569 2340 warm 0.053292238722330784 0.27458671896891
2019-05-31 18 862 302 warm 0.048955916473317936 0.2412993039443132
2019-05-31 6 729 435 warm 0.05404663923182444 0.24224965706447094
2019-06-30 18 3067 996 warm 0.023475709162047744 0.2603195304858232
2019-06-30 6 2538 1525 warm 0.022616233254531215 0.2618597320724995
