2018-12-31 18 3052 831 warm 0.0405280528052809 0.2560396039604021
2018-12-31 6 2597 1286 warm 0.03869716944552184 0.25924777045366637
2019-01-31 6 2654 1447 warm 0.03668818837827602 0.25917204709457137
2019-02-28 18 5598 1407 warm 0.024756053487531765 0.26899168774848653
2019-02-28 6 4406 2599 warm 0.027745929832607454 0.2747534969043959
2019-03-31 18 6245 1636 warm 0.027383071694448785 0.2764848681016598
2019-03-31 6 5171 2710 warm 0.0272159312768451 0.28125732135886494
2019-04-30 18 4493 1469 warm 0.0358490566037735 0.2684186882300258
2019-04-30 6 3603 2359 warm 0.04068366489212677 0.27458671896891
2019-05-31 18 873 304 warm 0.040603248259860746 0.2412993039443132
2019-06-30 18 3101 1009 warm 0.016041734594065913 0.2603195304858232
2019-06-30 6 2569 1541 warm 0.015524034672970845 0.2618597320724995
