2018-12-31 18 3052 831 warm 0.05222804718217554 0.2562909567496785
2018-12-31 6 2597 1286 warm 0.04358875625722025 0.2595302271852162
2019-01-31 18 3223 878 warm 0.03623952838969938 0.2553521563760548
2019-01-31 6 2654 1447 warm 0.03353428786737026 0.2594574227581038
2019-02-28 18 5598 1407 warm 0.030868167202572145 0.2689889246159568
2019-02-28 6 4406 2599 warm 0.02827961870177058 0.27467090331367977
2019-03-31 18 6245 1636 warm 0.030072057646116618 0.27663730984790375
2019-03-31 6 5171 2710 warm 0.03214078514794028 0.2815316186424499
2019-04-30 18 4493 1469 warm 0.04317827732027556 0.26855107945694984
2019-04-30 6 3603 2359 warm 0.04129891756869283 0.2747710241465558
2019-05-31 18 873 304 warm 0.04215349369988545 0.24123711340205944
2019-05-31 6 735 442 warm 0.04027210884353733 0.2419047619047609
2019-06-30 18 3101 1009 warm 0.018316672041277092 0.26049661399549207
2019-06-30 6 2569 1541 warm 0.015336706889840412 0.26212534059945714