2018-12-31 18 34705 848 0.3205186622788791 0.3692177875285515
2018-12-31 12 34541 1012 0.3223862965150926 0.3681152082806665
2018-12-31 6 34216 1337 0.324062667004222 0.3659494276151783
2018-12-31 3 33698 1855 0.32387140325714014 0.362371670463879
2018-12-31 1 31959 3594 0.31120299271511853 0.3498495204343293
2019-01-31 18 34208 901 0.3155601127916114 0.3657865504572153
2019-01-31 12 34036 1073 0.317935572075558 0.364613062177855
2019-01-31 6 33586 1523 0.3200262041072334 0.36154262439836443
2019-01-31 3 32868 2241 0.318425474949465 0.3565809336637879
2019-01-31 1 31791 3318 0.310188270813764 0.34850323278935885
2019-02-28 18 36272 1382 0.30339406171989963 0.3671748021459407
2019-02-28 12 35980 1674 0.30554522759869157 0.36529983534294264
2019-02-28 6 35092 2562 0.3069262229776693 0.35934030913057996
2019-02-28 3 33947 3707 0.3053540128539086 0.3513092898497504
2019-02-28 1 32540 5114 0.29489031709780317 0.34116959685563397
2019-03-31 18 36541 1658 0.29944239377996973 0.36862745098047905
2019-03-31 12 36211 1988 0.30110735883141193 0.3663813188827774
2019-03-31 6 35410 2789 0.3027304379696101 0.36109322233574087
2019-03-31 3 34478 3721 0.3006413780465733 0.3545433126522332
2019-03-31 1 33259 4940 0.29448938453888474 0.3460561794811988
2019-04-30 18 35441 1420 0.3103551178752907 0.36730419684769444
2019-04-30 12 35114 1747 0.3130246059521211 0.365085049239108
2019-04-30 6 34544 2317 0.3142345568487331 0.36132497761869126
2019-04-30 3 34039 2822 0.3127044844144517 0.35776023439414084
2019-04-30 1 32875 3986 0.30534168904806885 0.34941537125965316
2019-05-31 18 18258 310 0.28303532959924627 0.32460146488574715
2019-05-31 12 18203 365 0.286126669538927 0.3238690219732097
2019-05-31 6 18102 466 0.2893580353295331 0.32254416199906133
2019-05-31 3 18004 564 0.28943343386464826 0.3213700990951416
2019-05-31 1 17682 886 0.2883024558379372 0.31732012063758286
2019-06-30 18 19170 1021 0.24536674756074373 0.3183992868108763
2019-06-30 12 18980 1211 0.24707047694512235 0.3159526521716822
2019-06-30 6 18600 1591 0.2489822198008499 0.31113862612047427
2019-06-30 3 18116 2075 0.2468129364567866 0.30512604625816286
2019-06-30 1 8425 11766 0.08882175226586733 0.17089792481797988
