2018-12-31 18 0.3470199420583884 0.35289286417467247
2018-12-31 12 0.34591736281050395 0.35289286417467247
2018-12-31 6 0.34375158214501605 0.35289286417467247
2018-12-31 3 0.34019070120669465 0.35289286417467247
2018-12-31 1 0.32776980845501247 0.35289286417467247
2019-01-31 18 0.3443618445413339 0.3509071747985404
2019-01-31 12 0.3431883562619737 0.3509071747985404
2019-01-31 6 0.3401179184824832 0.3509071747985404
2019-01-31 3 0.335156227747907 0.3509071747985404
2019-01-31 1 0.32711270614375043 0.3509071747985404
2019-02-28 18 0.3444733627238143 0.35378977001123296
2019-02-28 12 0.3426037074415047 0.35378977001123296
2019-02-28 6 0.336649492749831 0.35378977001123296
2019-02-28 3 0.32863971955175514 0.35378977001123296
2019-02-28 1 0.31866468369897966 0.35378977001123296
2019-03-31 18 0.3451870467813971 0.3566585512710567
2019-03-31 12 0.3429566219011616 0.3566585512710567
2019-03-31 6 0.3376737610932805 0.3566585512710567
2019-03-31 3 0.33119191601879433 0.3566585512710567
2019-03-31 1 0.322720490065227 0.3566585512710567
2019-04-30 18 0.34414150457128434 0.3540761238165694
2019-04-30 12 0.3419277827514716 0.3540761238165694
2019-04-30 6 0.3381677111310553 0.3540761238165694
2019-04-30 3 0.33465180000547157 0.3540761238165694
2019-04-30 1 0.3263774721250474 0.3540761238165694
2019-05-31 18 0.31194528220587114 0.3158336923738998
2019-05-31 12 0.3112128392933339 0.3158336923738998
2019-05-31 6 0.3098879793191858 0.3158336923738998
2019-05-31 3 0.308713916415266 0.3158336923738998
2019-05-31 1 0.3046747091770097 0.3158336923738998
2019-06-30 18 0.30432370858295754 0.31736912485752755
2019-06-30 12 0.30187707394376356 0.31736912485752755
2019-06-30 6 0.29706304789255533 0.31736912485752755
2019-06-30 3 0.29105046803024365 0.31736912485752755
2019-06-30 1 0.15849635976424514 0.31736912485752755
