2018-12-31 6 2579 1272 warm 0.1074835207444724 0.25924777045366637
2018-12-31 18 3030 821 warm 0.1081848184818454 0.2560396039604021
2018-12-31 6 2579 1272 warm 0.10965490500193642 0.25924777045366637
2018-12-31 18 3030 821 warm 0.10719471947194441 0.2560396039604021
2019-01-31 6 2633 1432 warm 0.09905051272312757 0.25917204709457137
2019-01-31 18 3192 873 warm 0.08302005012531158 0.25501253132832813
2019-02-28 6 4361 2567 warm 0.07232286172895934 0.2747534969043959
2019-02-28 18 5534 1394 warm 0.0670762558727844 0.26899168774848653
2019-03-31 6 5122 2679 warm 0.06852791878172397 0.28125732135886494
2019-03-31 18 6179 1622 warm 0.0664832497167805 0.2764848681016598
2019-04-30 6 3569 2340 warm 0.11689548893247036 0.27458671896891
2019-04-30 18 4452 1457 warm 0.10260557053009532 0.2684186882300258
2019-05-31 6 729 435 warm 0.08477366255144074 0.24224965706447094
2019-05-31 18 862 302 warm 0.08004640371229742 0.2412993039443132
2019-06-30 6 2538 1525 warm 0.03963750985027612 0.2618597320724995
2019-06-30 18 3067 996 warm 0.03710466253668111 0.2603195304858232
