2018-12-31 18 3052 831 warm 0.04711664482306698 0.2562909567496788
2018-12-31 6 2597 1286 warm 0.027339237581825354 0.259530227185216
2019-01-31 18 3223 878 warm 0.02320819112628002 0.2553521563760556
2019-01-31 6 2654 1447 warm 0.013489073097211745 0.25945742275810435
2019-02-28 18 5430 1356 warm 0.01521178637200748 0.2682504604051789
2019-02-28 6 4304 2482 warm 0.010920074349442411 0.27346654275094606
2019-03-31 18 6245 1636 warm 0.032025620496396706 0.27663730984790375
2019-03-31 6 5171 2710 warm 0.027460839296074364 0.2815316186424503
2019-04-30 18 4342 1397 warm 0.02984799631506245 0.26803316444036634
2019-04-30 6 3492 2247 warm 0.02588774341351682 0.27388316151203834
2019-05-31 18 873 304 warm 0.025658648339060657 0.24123711340205978
2019-05-31 6 735 442 warm 0.011700680272108846 0.24190476190476087
2019-06-30 18 2892 913 warm 0.013347164591977875 0.2590594744121768
2019-06-30 6 2398 1407 warm 0.005421184320266883 0.2602168473728107
