2018-12-31 18 3052 831 warm 0.06500655307994688 0.2562909567496788
2018-12-31 6 2597 1286 warm 0.06014632268001531 0.259530227185216
2019-01-31 18 3223 878 warm 0.05125659323611522 0.2553521563760556
2019-01-31 6 2654 1447 warm 0.05275056518462718 0.25945742275810435
2019-02-28 18 5598 1407 warm 0.03990710968202872 0.26898892461595747
2019-02-28 6 4406 2599 warm 0.03999092147072153 0.2746709033136804
2019-03-31 18 6245 1636 warm 0.03849479583666869 0.27663730984790375
2019-03-31 6 5171 2710 warm 0.039876232836974924 0.2815316186424503
2019-04-30 18 4493 1469 warm 0.06303138215000975 0.26855107945695045
2019-04-30 6 3603 2359 warm 0.06711074104912466 0.274771024146556
2019-05-31 18 873 304 warm 0.05841924398625449 0.24123711340205978
2019-05-31 6 735 442 warm 0.06176870748299332 0.24190476190476087
2019-06-30 18 3101 1009 warm 0.025088681070622534 0.26049661399549284
2019-06-30 6 2569 1541 warm 0.025535227715064352 0.2621253405994576
